P2: 2175.325677 0.000000 963.115065 0 0.000000 2322.860657 574.666108 0 0.000000 0.000000 1.000000 0