{
    "intrinsic": {
        "fx": 2162.827939,
        "fy": 2307.430671,
        "cx": 968.512893,
        "cy": 558.797546
    },
    "extrinsic": {
        "rotation": [
            1.0,
            0.0,
            0.0,
            0.0,
            -0.20851493885830993,
            -0.9780191819555051,
            0.0,
            0.9780191819555051,
            -0.20851493885830993
        ],
        "translation": {
            "x": 0,
            "y": 0,
            "z": 0
        }
    },
    "objects": [
        {
            "class": "car",
            "box2d": {
                "cx": 0.44301517786458333,
                "cy": 0.903733175925926,
                "w": 0.16269534427083332,
                "h": 0.19068179629629628
            },
            "box3d": {
                "size": {
                    "width": 1.132726,
                    "height": 1.804447,
                    "length": 4.158168
                },
                "rotation": [
                    0.06802773287749286,
                    0.0,
                    -0.9976834305327259,
                    -0.20802767047878004,
                    0.9779993,
                    -0.01418451020169905,
                    0.9757336966826046,
                    0.2085107,
                    0.066531075134775
                ],
                "translation": {
                    "x": -0.729107183612,
                    "y": 3.4394981736699997,
                    "z": 16.1069765868
                }
            }
        },
        {
            "class": "car",
            "box2d": {
                "cx": 0.021399957031250003,
                "cy": 0.30121027685185187,
                "w": 0.04279991406250001,
                "h": 0.0625009611111111
            },
            "box3d": {
                "size": {
                    "width": 1.400964,
                    "height": 1.782966,
                    "length": 4.982812
                },
                "rotation": [
                    -0.9984520721215423,
                    0.0,
                    -0.05561887877509281,
                    -0.011597131346609744,
                    0.9779993,
                    0.20818794047451325,
                    0.054395224508825626,
                    0.2085107,
                    -0.976485427618418
                ],
                "translation": {
                    "x": -26.1074231139,
                    "y": -5.75898619023,
                    "z": 56.779953419
                }
            }
        },
        {
            "class": "van",
            "box2d": {
                "cx": 0.21091965052083333,
                "cy": 0.30079008055555556,
                "w": 0.10703948333333332,
                "h": 0.0784684074074074
            },
            "box3d": {
                "size": {
                    "width": 1.76475,
                    "height": 2.022122,
                    "length": 4.639958
                },
                "rotation": [
                    -0.9984520721215423,
                    0.0,
                    -0.05561887877509281,
                    -0.011597131346609744,
                    0.9779993,
                    0.20818794047451325,
                    0.054395224508825626,
                    0.2085107,
                    -0.976485427618418
                ],
                "translation": {
                    "x": -14.4433625924,
                    "y": -5.674362910799999,
                    "z": 55.7892830626
                }
            }
        },
        {
            "class": "car",
            "box2d": {
                "cx": 0.09663474557291667,
                "cy": 0.8651174759259259,
                "w": 0.19326949114583333,
                "h": 0.26791319629629634
            },
            "box3d": {
                "size": {
                    "width": 0.965589,
                    "height": 2.10252,
                    "length": 4.338406
                },
                "rotation": [
                    0.06802773287749286,
                    0.0,
                    -0.9976834305327259,
                    -0.20802767047878004,
                    0.9779993,
                    -0.01418451020169905,
                    0.9757336966826046,
                    0.2085107,
                    0.066531075134775
                ],
                "translation": {
                    "x": -6.69464290448,
                    "y": 2.92179678656,
                    "z": 17.8672629361
                }
            }
        },
        {
            "class": "car",
            "box2d": {
                "cx": 0.22817389973958335,
                "cy": 0.6195120069444444,
                "w": 0.12944334322916667,
                "h": 0.17916988796296293
            },
            "box3d": {
                "size": {
                    "width": 0.96299,
                    "height": 1.499033,
                    "length": 4.282312
                },
                "rotation": [
                    0.06802773287749286,
                    0.0,
                    -0.9976834305327259,
                    -0.20802767047878004,
                    0.9779993,
                    -0.01418451020169905,
                    0.9757336966826046,
                    0.2085107,
                    0.066531075134775
                ],
                "translation": {
                    "x": -5.91079018885,
                    "y": 1.07919400553,
                    "z": 24.6941538985
                }
            }
        },
        {
            "class": "car",
            "box2d": {
                "cx": 0.8084545135416666,
                "cy": 0.7452028347222223,
                "w": 0.12637634270833342,
                "h": 0.20273251018518515
            },
            "box3d": {
                "size": {
                    "width": 0.67224,
                    "height": 1.472844,
                    "length": 4.208096
                },
                "rotation": [
                    0.06802773287790577,
                    0.0,
                    -0.9976834305326977,
                    -0.20802767047877416,
                    0.9779993,
                    -0.014184510201785147,
                    0.975733696682577,
                    0.2085107,
                    0.06653107513517884
                ],
                "translation": {
                    "x": 5.56539888728,
                    "y": 2.1436861052599996,
                    "z": 21.1498138985
                }
            }
        },
        {
            "class": "car",
            "box2d": {
                "cx": 0.6586585361979167,
                "cy": 0.7002642027777778,
                "w": 0.10831286093749999,
                "h": 0.20746188703703708
            },
            "box3d": {
                "size": {
                    "width": 0.86113,
                    "height": 1.783849,
                    "length": 4.315233
                },
                "rotation": [
                    0.06802773287790577,
                    0.0,
                    -0.9976834305326977,
                    -0.20802767047877416,
                    0.9779993,
                    -0.014184510201785147,
                    0.975733696682577,
                    0.2085107,
                    0.06653107513517884
                ],
                "translation": {
                    "x": 2.89986562377,
                    "y": 1.77178201177,
                    "z": 22.0796401113
                }
            }
        },
        {
            "class": "car",
            "box2d": {
                "cx": 0.49818280546875,
                "cy": 0.6834810611111112,
                "w": 0.10003013593750006,
                "h": 0.17053742592592594
            },
            "box3d": {
                "size": {
                    "width": 0.589011,
                    "height": 1.704687,
                    "length": 4.193595
                },
                "rotation": [
                    0.06802773287749286,
                    0.0,
                    -0.9976834305327259,
                    -0.20802767047878004,
                    0.9779993,
                    -0.01418451020169905,
                    0.9757336966826046,
                    0.2085107,
                    0.066531075134775
                ],
                "translation": {
                    "x": -0.0399270154505,
                    "y": 1.6693063383900002,
                    "z": 22.668333335
                }
            }
        },
        {
            "class": "car",
            "box2d": {
                "cx": 0.13971142395833333,
                "cy": 0.3535307425925926,
                "w": 0.11546281979166667,
                "h": 0.07603273703703706
            },
            "box3d": {
                "size": {
                    "width": 1.363468,
                    "height": 1.783518,
                    "length": 4.084625
                },
                "rotation": [
                    0.998236714851699,
                    0.0,
                    0.059358749330556126,
                    0.012376934374038789,
                    0.9779993,
                    -0.20814303617942814,
                    -0.058052815294159364,
                    0.2085107,
                    0.9762748083592612
                ],
                "translation": {
                    "x": -14.9859629899,
                    "y": -3.59048725623,
                    "z": 46.5584337004
                }
            }
        },
        {
            "class": "car",
            "box2d": {
                "cx": 0.1613515377604167,
                "cy": 0.4739601842592593,
                "w": 0.16923529322916667,
                "h": 0.12482890370370378
            },
            "box3d": {
                "size": {
                    "width": 1.110569,
                    "height": 1.951826,
                    "length": 4.288528
                },
                "rotation": [
                    -0.6984136586106756,
                    0.0,
                    0.7156943212475915,
                    0.14922992390936016,
                    0.9779993,
                    0.145626720846473,
                    -0.6999485451941196,
                    0.2085107,
                    -0.6830480692316797
                ],
                "translation": {
                    "x": -9.98900729221,
                    "y": -0.7442154111449999,
                    "z": 33.1454377748
                }
            }
        },
        {
            "class": "van",
            "box2d": {
                "cx": 0.44139018046875006,
                "cy": 0.3389771921296296,
                "w": 0.12237730052083334,
                "h": 0.0862511527777778
            },
            "box3d": {
                "size": {
                    "width": 1.579559,
                    "height": 1.921224,
                    "length": 4.902127
                },
                "rotation": [
                    -0.9878279597721822,
                    0.0,
                    -0.15555038377428732,
                    -0.032433919406045286,
                    0.9779993,
                    0.20597269937166954,
                    0.15212816644598434,
                    0.2085107,
                    -0.9660950531776223
                ],
                "translation": {
                    "x": -2.661722116,
                    "y": -4.05790734429,
                    "z": 48.2678811466
                }
            }
        },
        {
            "class": "car",
            "box2d": {
                "cx": 0.23164556822916668,
                "cy": 0.5162040851851852,
                "w": 0.17521785104166662,
                "h": 0.12532023703703707
            },
            "box3d": {
                "size": {
                    "width": 0.875591,
                    "height": 1.720392,
                    "length": 4.145216
                },
                "rotation": [
                    -0.6984136586106756,
                    0.0,
                    0.7156943212475915,
                    0.14922992390936016,
                    0.9779993,
                    0.145626720846473,
                    -0.6999485451941196,
                    0.2085107,
                    -0.6830480692316797
                ],
                "translation": {
                    "x": -7.05105161263,
                    "y": -0.083686571386,
                    "z": 29.5137427939
                }
            }
        },
        {
            "class": "car",
            "box2d": {
                "cx": 0.9915698369791667,
                "cy": 0.37757356435185185,
                "w": 0.01581865937500003,
                "h": 0.051150569444444446
            },
            "box3d": {
                "size": {
                    "width": 0.72345,
                    "height": 1.951155,
                    "length": 3.801905
                },
                "rotation": [
                    -0.9955445203322862,
                    0.0,
                    -0.09429267223044431,
                    -0.019661031091640503,
                    0.9779993,
                    0.20758168481564923,
                    0.09221816743650398,
                    0.2085107,
                    -0.9736418440038117
                ],
                "translation": {
                    "x": 21.4173856196,
                    "y": -2.96040749101,
                    "z": 44.9921358854
                }
            }
        },
        {
            "class": "car",
            "box2d": {
                "cx": 0.01317332578125,
                "cy": 0.37243946203703704,
                "w": 0.0263466515625,
                "h": 0.04882394259259262
            },
            "box3d": {
                "size": {
                    "width": 0.760018,
                    "height": 1.844285,
                    "length": 3.85596
                },
                "rotation": [
                    0.9988596870960724,
                    0.0,
                    -0.047742282039470625,
                    -0.009954776647647448,
                    0.9779993,
                    -0.20827293255818302,
                    0.04669191841500484,
                    0.2085107,
                    0.9768840747781778
                ],
                "translation": {
                    "x": -21.3777008443,
                    "y": -3.06303767543,
                    "z": 44.9438843681
                }
            }
        },
        {
            "class": "van",
            "box2d": {
                "cx": 0.5558674653645833,
                "cy": 0.31455356481481483,
                "w": 0.1069802286458333,
                "h": 0.07255698333333332
            },
            "box3d": {
                "size": {
                    "width": 1.568311,
                    "height": 1.755908,
                    "length": 5.02203
                },
                "rotation": [
                    -0.9981477135975948,
                    0.0,
                    -0.060837010445072455,
                    -0.012685167633809369,
                    0.9779993,
                    0.208124478465634,
                    0.05949855362937355,
                    0.2085107,
                    -0.9761877651950482
                ],
                "translation": {
                    "x": 2.46394479149,
                    "y": -5.16143755342,
                    "z": 54.1910431525
                }
            }
        },
        {
            "class": "car",
            "box2d": {
                "cx": 0.09186875,
                "cy": 0.3189864402777778,
                "w": 0.10423116666666668,
                "h": 0.07343634166666664
            },
            "box3d": {
                "size": {
                    "width": 1.508327,
                    "height": 1.930205,
                    "length": 3.978051
                },
                "rotation": [
                    -0.9984520721215423,
                    0.0,
                    -0.05561887877509281,
                    -0.011597131346609744,
                    0.9779993,
                    0.20818794047451325,
                    0.054395224508825626,
                    0.2085107,
                    -0.976485427618418
                ],
                "translation": {
                    "x": -18.9586363519,
                    "y": -4.85026146297,
                    "z": 52.0373313186
                }
            }
        },
        {
            "class": "car",
            "box2d": {
                "cx": 0.7164939244791667,
                "cy": 0.3385787537037037,
                "w": 0.09997138958333333,
                "h": 0.07130152407407403
            },
            "box3d": {
                "size": {
                    "width": 1.389557,
                    "height": 1.791332,
                    "length": 4.118987
                },
                "rotation": [
                    -0.9981477135975948,
                    0.0,
                    -0.060837010445072455,
                    -0.012685167633809369,
                    0.9779993,
                    0.208124478465634,
                    0.05949855362937355,
                    0.2085107,
                    -0.9761877651950482
                ],
                "translation": {
                    "x": 9.35489311764,
                    "y": -4.21346689736,
                    "z": 50.1299726908
                }
            }
        },
        {
            "class": "car",
            "box2d": {
                "cx": 0.69494787890625,
                "cy": 0.9396218759259258,
                "w": 0.15064608281250003,
                "h": 0.11890439629629627
            },
            "box3d": {
                "size": {
                    "width": 0.568549,
                    "height": 1.651945,
                    "length": 4.09055
                },
                "rotation": [
                    0.06802773287790577,
                    0.0,
                    -0.9976834305326977,
                    -0.20802767047877416,
                    0.9779993,
                    -0.014184510201785147,
                    0.975733696682577,
                    0.2085107,
                    0.06653107513517884
                ],
                "translation": {
                    "x": 2.50345497491,
                    "y": 3.71011717933,
                    "z": 15.7048008356
                }
            }
        },
        {
            "class": "cyclist",
            "box2d": {
                "cx": 0.2694408815104167,
                "cy": 0.17142572824074076,
                "w": 0.006927665104166655,
                "h": 0.025934799074074068
            },
            "box3d": {
                "size": {
                    "width": 1.385696,
                    "height": 0.07561,
                    "length": 1.875201
                },
                "rotation": [
                    -0.13845749408492064,
                    0.0,
                    0.9903683770858822,
                    0.20650240356404126,
                    0.9779993,
                    0.02886986901189266,
                    -0.9685795795321288,
                    0.2085107,
                    -0.13541133229480654
                ],
                "translation": {
                    "x": -25.746918809,
                    "y": -20.0062507105,
                    "z": 123.564636287
                }
            }
        },
        {
            "class": "car",
            "box2d": {
                "cx": 0.8901047388020833,
                "cy": 0.409177625,
                "w": 0.14284464531249993,
                "h": 0.08971404999999998
            },
            "box3d": {
                "size": {
                    "width": 1.394575,
                    "height": 1.77761,
                    "length": 4.395086
                },
                "rotation": [
                    -0.997502494049187,
                    0.0,
                    0.07063125629387902,
                    0.014727372691716121,
                    0.9779993,
                    0.2079899432859418,
                    -0.06907731921353427,
                    0.2085107,
                    -0.9755567409283591
                ],
                "translation": {
                    "x": 13.7262138887,
                    "y": -2.07351505798,
                    "z": 40.4084791558
                }
            }
        },
        {
            "class": "car",
            "box2d": {
                "cx": 0.23185981927083335,
                "cy": 0.8889961523148148,
                "w": 0.241423209375,
                "h": 0.22015584351851855
            },
            "box3d": {
                "size": {
                    "width": 1.006153,
                    "height": 2.052817,
                    "length": 5.264485
                },
                "rotation": [
                    0.06802773287749286,
                    0.0,
                    -0.9976834305327259,
                    -0.20802767047878004,
                    0.9779993,
                    -0.01418451020169905,
                    0.9757336966826046,
                    0.2085107,
                    0.066531075134775
                ],
                "translation": {
                    "x": -3.84996469497,
                    "y": 3.44889400757,
                    "z": 17.160312101
                }
            }
        },
        {
            "class": "car",
            "box2d": {
                "cx": 0.8694585164062499,
                "cy": 0.3235345347222222,
                "w": 0.10173543281249996,
                "h": 0.06970893055555555
            },
            "box3d": {
                "size": {
                    "width": 1.46151,
                    "height": 1.752213,
                    "length": 4.146585
                },
                "rotation": [
                    -0.9981477135975948,
                    0.0,
                    -0.060837010445072455,
                    -0.012685167633809369,
                    0.9779993,
                    0.208124478465634,
                    0.05949855362937355,
                    0.2085107,
                    -0.9761877651950482
                ],
                "translation": {
                    "x": 17.061157469,
                    "y": -4.822994989590001,
                    "z": 52.9752535312
                }
            }
        },
        {
            "class": "car",
            "box2d": {
                "cx": 0.7847874005208333,
                "cy": 0.44832358148148144,
                "w": 0.1637950260416667,
                "h": 0.10173732592592591
            },
            "box3d": {
                "size": {
                    "width": 1.236953,
                    "height": 1.950118,
                    "length": 4.604946
                },
                "rotation": [
                    -0.9791484508877166,
                    0.0,
                    0.20314603398586126,
                    0.04235812174861572,
                    0.9779993,
                    0.2041629288985134,
                    -0.19867667903594852,
                    0.2085107,
                    -0.9576064995642712
                ],
                "translation": {
                    "x": 8.87314678655,
                    "y": -1.202945323305,
                    "z": 35.9702769109
                }
            }
        },
        {
            "class": "car",
            "box2d": {
                "cx": 0.35604271875000004,
                "cy": 0.6346733370370371,
                "w": 0.10060650520833334,
                "h": 0.1560576259259258
            },
            "box3d": {
                "size": {
                    "width": 0.697089,
                    "height": 1.396165,
                    "length": 4.218311
                },
                "rotation": [
                    0.06802773287749286,
                    0.0,
                    -0.9976834305327259,
                    -0.20802767047878004,
                    0.9779993,
                    -0.01418451020169905,
                    0.9757336966826046,
                    0.2085107,
                    0.066531075134775
                ],
                "translation": {
                    "x": -3.18239576222,
                    "y": 1.28211021433,
                    "z": 24.9244151124
                }
            }
        }
    ]
}