P2: 2183.375019 0.000000 940.590363 0 0.000000 2329.297332 567.568513 0 0.000000 0.000000 1.000000 0