{
    "intrinsic": {
        "fx": 963.657470703125,
        "fy": 966.901611328125,
        "cx": 963.4727738814836,
        "cy": 576.1087191450206
    },
    "extrinsic": {
        "rotation": [
            -0.9999377035442194,
            -0.00967330324061386,
            -0.0055692221295755625,
            0.00030843614895035513,
            0.47481071316059376,
            -0.8800878885287939,
            0.01115768335522412,
            -0.8800347799219892,
            -0.4747781505395978
        ],
        "translation": {
            "x": -0.07289489999999992,
            "y": -3.8362600000000002,
            "z": -2.17651
        }
    },
    "objects": [
        {
            "id": "972725d44dcc41608754ebe7c1872963",
            "class": "SUV",
            "box3d": {
                "size": {
                    "width": 1.9282897310549751,
                    "height": 1.8114089965820312,
                    "length": 4.818460067095469
                },
                "rotation": [
                    0.9983873342988763,
                    0.05649526065482087,
                    -0.0055692221295755625,
                    0.021929894933601715,
                    -0.4743041093782878,
                    -0.8800878885287939,
                    -0.05236229960368332,
                    0.8785464685208254,
                    -0.4747781505395978
                ],
                "translation": {
                    "x": -10.660530456736799,
                    "y": -1.294768001235902,
                    "z": 18.593984359982883
                }
            }
        },
        {
            "id": "971d4c5084bb4dea8794043a3dbf0259",
            "class": "SUV",
            "box3d": {
                "size": {
                    "width": 1.8928103217440957,
                    "height": 1.7795276641845703,
                    "length": 4.854008411363133
                },
                "rotation": [
                    0.995471075701459,
                    -0.09490163964153661,
                    -0.0055692221295755625,
                    -0.049937980693149794,
                    -0.4721774100369693,
                    -0.8800878885287939,
                    0.08089212276897687,
                    0.8763801528127666,
                    -0.4747781505395978
                ],
                "translation": {
                    "x": -6.783005004127187,
                    "y": -4.972276995130319,
                    "z": 25.27551570371522
                }
            }
        },
        {
            "id": "10811c15c6d0479abf5807e56391f7ca",
            "class": "Car",
            "box3d": {
                "size": {
                    "width": 1.6258503339609827,
                    "height": 1.4193239212036133,
                    "length": 4.194554335793037
                },
                "rotation": [
                    0.9998482674261121,
                    -0.01650532913558125,
                    -0.0055692221295755625,
                    -0.012737425950014853,
                    -0.4746399334707284,
                    -0.8800878885287939,
                    0.01188276504734103,
                    0.8800252880826943,
                    -0.4747781505395978
                ],
                "translation": {
                    "x": -5.266406721544254,
                    "y": 0.5094418632670088,
                    "z": 15.788578182512744
                }
            }
        },
        {
            "id": "dd6e14638f344b1ba0aa48bfe29dc999",
            "class": "Car",
            "box3d": {
                "size": {
                    "width": 1.8571068896732015,
                    "height": 1.5284662246704102,
                    "length": 4.791172494929935
                },
                "rotation": [
                    0.9991135009772569,
                    0.04172763987863416,
                    -0.0055692221295755625,
                    0.01491477443403864,
                    -0.47457650380998784,
                    -0.8800878885287939,
                    -0.039367012441272206,
                    0.8792246277838492,
                    -0.4747781505395978
                ],
                "translation": {
                    "x": -3.2422670392590613,
                    "y": -1.2410352650090974,
                    "z": 18.811348971385353
                }
            }
        },
        {
            "id": "5ed800c013bc46798076d020fe253a27",
            "class": "SUV",
            "box3d": {
                "size": {
                    "width": 1.5838244966605453,
                    "height": 1.9203195571899414,
                    "length": 3.961070442689417
                },
                "rotation": [
                    0.9991135009772569,
                    0.04172763987863416,
                    -0.0055692221295755625,
                    0.01491477443403864,
                    -0.47457650380998784,
                    -0.8800878885287939,
                    -0.039367012441272206,
                    0.8792246277838492,
                    -0.4747781505395978
                ],
                "translation": {
                    "x": 3.3076155505043805,
                    "y": -1.4316284640273333,
                    "z": 18.677895010422663
                }
            }
        },
        {
            "id": "febea1dc6ff345faa1a3c99819a5a52a",
            "class": "SUV",
            "box3d": {
                "size": {
                    "width": 1.4556283736407156,
                    "height": 1.6895465850830078,
                    "length": 4.60173441978061
                },
                "rotation": [
                    0.9980705144490221,
                    -0.06184037477519531,
                    -0.0055692221295755625,
                    -0.03425346893283478,
                    -0.47357365671138946,
                    -0.8800878885287939,
                    0.051787527972789814,
                    0.8785805368414821,
                    -0.4747781505395978
                ],
                "translation": {
                    "x": 0.9221956554660385,
                    "y": -3.7029036807740385,
                    "z": 22.999677085912722
                }
            }
        },
        {
            "id": "add1f51f6dc348748183cfb22995dad2",
            "class": "SUV",
            "box3d": {
                "size": {
                    "width": 1.1751849833894785,
                    "height": 1.7849817276000977,
                    "length": 4.511290010351553
                },
                "rotation": [
                    0.9926457173110321,
                    -0.12092751411047248,
                    -0.0055692221295755625,
                    -0.06228103184907819,
                    -0.4707083826922394,
                    -0.8800878885287939,
                    0.1038053610170553,
                    0.8739623303062427,
                    -0.4747781505395978
                ],
                "translation": {
                    "x": 3.0291664599934767,
                    "y": -5.161336695069301,
                    "z": 25.641567368119556
                }
            }
        },
        {
            "id": "f3d367e1899b42e7b5eb933eca943bc9",
            "class": "Small_Truck",
            "box3d": {
                "size": {
                    "width": 1.882205735012521,
                    "height": 1.9131803512573242,
                    "length": 4.754972955546252
                },
                "rotation": [
                    0.9914206952428887,
                    -0.13059092161777233,
                    -0.0055692221295755625,
                    -0.06686314438396199,
                    -0.47007938519788234,
                    -0.8800878885287939,
                    0.11231351195291311,
                    0.8729097220234188,
                    -0.4747781505395978
                ],
                "translation": {
                    "x": 5.954111371838853,
                    "y": -7.026831886343292,
                    "z": 29.11736169389562
                }
            }
        },
        {
            "id": "36c6fd991ee5464989ea0915eb8e1292",
            "class": "Small_Car",
            "box3d": {
                "size": {
                    "width": 1.5013658310316558,
                    "height": 1.522465705871582,
                    "length": 2.959832930374268
                },
                "rotation": [
                    0.9891400491297202,
                    -0.14687051090170114,
                    -0.0055692221295755625,
                    -0.07458139869678417,
                    -0.4689167553344207,
                    -0.8800878885287939,
                    0.12664745625588608,
                    0.8709455376739196,
                    -0.4747781505395978
                ],
                "translation": {
                    "x": 9.199018229994552,
                    "y": -3.993420323991792,
                    "z": 23.83493377338686
                }
            }
        },
        {
            "id": "bb5d6d9890824f56bd633b53320c3ed6",
            "class": "SUV",
            "box3d": {
                "size": {
                    "width": 1.4025922814965857,
                    "height": 1.3881378173828125,
                    "length": 4.13347534327982
                },
                "rotation": [
                    0.9976141879414899,
                    -0.06881072432923267,
                    -0.0055692221295755625,
                    -0.037560704539711914,
                    -0.4733228305706477,
                    -0.8800878885287939,
                    0.05792344510060388,
                    0.8781973481387181,
                    -0.4747781505395978
                ],
                "translation": {
                    "x": 10.053567541086426,
                    "y": -5.638477977536489,
                    "z": 26.995847896081713
                }
            }
        },
        {
            "id": "b48a45da9e5642d1adbbd7db7121e9ad",
            "class": "SUV",
            "box3d": {
                "size": {
                    "width": 1.6498328994883082,
                    "height": 1.8945026648498318,
                    "length": 4.328283485634309
                },
                "rotation": [
                    0.999621407585322,
                    0.026944855947127196,
                    -0.0055692221295755625,
                    0.007893524390508786,
                    -0.4747451955919365,
                    -0.8800878885287939,
                    -0.02635780282641997,
                    0.8797107331392308,
                    -0.4747781505395978
                ],
                "translation": {
                    "x": 7.292865484777662,
                    "y": 0.4222598892463534,
                    "z": 15.481006818454023
                }
            }
        },
        {
            "id": "089672d58c1a4c3280fe1ec5710d1793",
            "class": "SUV",
            "box3d": {
                "size": {
                    "width": 1.5816055070443444,
                    "height": 1.6618633270263676,
                    "length": 4.397637338228992
                },
                "rotation": [
                    0.9993418323083202,
                    0.035845306017960134,
                    -0.005569222129575807,
                    0.012120765038843689,
                    -0.4746560813049831,
                    -0.8800878885287939,
                    -0.03419048483895644,
                    0.8794411398818437,
                    -0.4747781505395978
                ],
                "translation": {
                    "x": 11.123678016745632,
                    "y": -1.084707021997862,
                    "z": 18.347550523009925
                }
            }
        },
        {
            "id": "328397d709034606b5c221afb2ed366b",
            "class": "SUV",
            "box3d": {
                "size": {
                    "width": 1.3554539803878223,
                    "height": 1.7189664840698242,
                    "length": 1.63215744478951
                },
                "rotation": [
                    0.9806049147561585,
                    -0.19591575975642989,
                    -0.0055692221295755625,
                    -0.09782589804782112,
                    -0.46462393624959414,
                    -0.8800878885287939,
                    0.16983549342585905,
                    0.8635633230649588,
                    -0.4747781505395978
                ],
                "translation": {
                    "x": 15.500800217217936,
                    "y": -5.82452033587025,
                    "z": 27.109966987104812
                }
            }
        },
        {
            "id": "98180ec3b8c0480caeae836c910f80a0",
            "class": "SUV",
            "box3d": {
                "size": {
                    "width": 2.2342863482393063,
                    "height": 1.3443517684936523,
                    "length": 2.6871360012245407
                },
                "rotation": [
                    0.9926705449853118,
                    -0.12072353906109637,
                    -0.0055692221295755625,
                    -0.062184307642843925,
                    -0.4707211704904611,
                    -0.8800878885287939,
                    0.10362577382844847,
                    0.8739836421630869,
                    -0.4747781505395978
                ],
                "translation": {
                    "x": 18.66644802084967,
                    "y": -4.586438759577749,
                    "z": 25.08587161640136
                }
            }
        },
        {
            "id": "772cfdcbdffb4156b8d4aa3334422f68",
            "class": "Car",
            "box3d": {
                "size": {
                    "width": 1.5161800496976692,
                    "height": 1.469167709350586,
                    "length": 3.9484568102302795
                },
                "rotation": [
                    0.9987111205348624,
                    0.05044880062867398,
                    -0.0055692221295755625,
                    0.019057491726484726,
                    -0.47442820370844796,
                    -0.8800878885287939,
                    -0.04704157447508764,
                    0.8788474259170952,
                    -0.4747781505395978
                ],
                "translation": {
                    "x": 18.684780426613468,
                    "y": -1.2548526417719748,
                    "z": 18.845860354995693
                }
            }
        },
        {
            "id": "f430b7ec174848998d5e4bc8da8e2aa3",
            "class": "Car",
            "box3d": {
                "size": {
                    "width": 1.7610810374587027,
                    "height": 1.7273945115141651,
                    "length": 3.9738862198544633
                },
                "rotation": [
                    0.9996061103162748,
                    -0.01605565082019573,
                    -0.023018260036502262,
                    -0.027881701850241546,
                    -0.47464561406010175,
                    -0.8797352736792152,
                    0.003199206198782094,
                    0.8800305432939526,
                    -0.4749063149184781
                ],
                "translation": {
                    "x": 16.30335925193184,
                    "y": 0.5630439305865806,
                    "z": 15.414829597102557
                }
            }
        }
    ]
}